<?xml version="1.0"?>
<opencv_storage>
<calibration_time>"Wed Mar 23 00:07:35 2022"</calibration_time>
<nr_of_frames>25</nr_of_frames>
<image_width>640</image_width>
<image_height>480</image_height>
<board_width>8</board_width>
<board_height>6</board_height>
<square_size>50.</square_size>
<fix_aspect_ratio>1.</fix_aspect_ratio>
<!-- flags: +fix_aspectRatio +fix_principal_point +zero_tangent_dist +fix_k4 +fix_k5 -->
<flags>6158</flags>
<fisheye_model>0</fisheye_model>
<camera_matrix type_id="opencv-matrix">
  <rows>3</rows>
  <cols>3</cols>
  <dt>d</dt>
  <data>
    5.0583081241168259e+02 0. 3.1950000000000000e+02 0.
    5.0583081241168259e+02 2.3950000000000000e+02 0. 0. 1.</data></camera_matrix>
<distortion_coefficients type_id="opencv-matrix">
  <rows>5</rows>
  <cols>1</cols>
  <dt>d</dt>
  <data>
    -4.7918719495315110e-01 8.9898592531424326e-01 0. 0.
    -2.6178806733735351e+00</data></distortion_coefficients>
<avg_reprojection_error>1.5882440132687486e-01</avg_reprojection_error>
<per_view_reprojection_errors type_id="opencv-matrix">
  <rows>25</rows>
  <cols>1</cols>
  <dt>f</dt>
  <data>
    5.02037346e-01 3.88288766e-01 1.72409728e-01 1.72675475e-01
    9.52820107e-02 9.07900780e-02 1.00328892e-01 9.07103643e-02
    8.56419802e-02 8.00485760e-02 8.37822929e-02 8.74317512e-02
    8.80246982e-02 8.63346681e-02 8.86438712e-02 9.16448459e-02
    8.91347900e-02 9.37084481e-02 9.34008360e-02 9.50055420e-02
    9.36379880e-02 8.35339129e-02 8.33675936e-02 9.16766152e-02
    8.49763155e-02</data></per_view_reprojection_errors>
<!-- a set of 6-tuples (rotation vector + translation vector) for each view -->
<extrinsic_parameters type_id="opencv-matrix">
  <rows>25</rows>
  <cols>6</cols>
  <dt>d</dt>
  <data>
    6.8739480023409391e-02 -1.0656462673195936e-01
    4.0706632852356629e-02 -2.1539914296938196e+02
    7.8020930144041799e+01 1.0916831857431466e+03 1.6034759940773424e-02
    -8.6257734043977685e-02 5.0493163570448890e-02
    -2.4231971606965510e+02 -1.1157471803901506e+01
    1.0641701993994286e+03 -4.7912198181864478e-02
    -4.8382588198359090e-02 1.0197447282838118e-02
    -2.7200170890006927e+02 -2.5173282671393455e+01
    1.0628537561089340e+03 -1.1401736952549270e-01
    -2.0606749975826899e-02 -2.2051984088507664e-03
    -2.8897198525379440e+02 -3.8757354505060619e+00
    1.0740300968235879e+03 -1.2320551370520406e-01
    -3.2357522368530546e-02 1.6236312164369455e-02
    -2.9367142101956642e+02 -1.5290444814371642e+00
    1.0725908599233510e+03 -1.4024943024433337e-01
    -3.6653914089390519e-02 1.8388681869940911e-02
    -2.9474304812937669e+02 -2.9724867343774313e+00
    1.0779340852057817e+03 -1.5703820552974795e-01
    -3.1917809422187929e-02 9.8047882190269893e-03
    -2.9782161744712340e+02 -6.4421466331198314e+00
    1.0856555953766701e+03 -1.6231569005995658e-01
    -3.8628483435422238e-02 2.1157566692453010e-03
    -2.9679959131697672e+02 -8.1690074013862333e+00
    1.0881177341101295e+03 -1.7046707170277148e-01
    -3.9769891614442769e-02 -5.2711633325539381e-03
    -2.9706026014942660e+02 -9.5631754775250322e+00
    1.0916905440838705e+03 -1.7870977487043554e-01
    -3.7567546104451170e-02 -4.9108587537565153e-03
    -2.9959077387041913e+02 -1.1408698850615426e+01
    1.0951398504660688e+03 -1.8694229483115773e-01
    -4.0723164578262826e-02 -1.1456337803586375e-02
    -3.0381159382107899e+02 -1.3798987629135649e+01
    1.0986234233295045e+03 -1.8753069909297232e-01
    -3.9396010195243990e-02 -1.6190765864812301e-02
    -3.0591162977990217e+02 -1.5644735632361089e+01
    1.1019460800749757e+03 -1.9146129518268815e-01
    -3.7478286880613415e-02 -1.7512861800313473e-02
    -3.0958927618138614e+02 -1.7234692871691045e+01
    1.1041962297699188e+03 -1.9565434496611347e-01
    -3.8264573421501344e-02 -1.8642910209753179e-02
    -3.1264047000185650e+02 -1.8041736701941083e+01
    1.1054187571757714e+03 -1.9838244101408664e-01
    -3.8978202826512633e-02 -2.0567176269467035e-02
    -3.1411508283056452e+02 -1.8498953330101827e+01
    1.1057757942957132e+03 -1.9870651568640069e-01
    -4.0938332558591535e-02 -1.7572886603977728e-02
    -3.1589041664481698e+02 -1.8928838571497163e+01
    1.1069001710773655e+03 -2.0776862863968820e-01
    -4.2475119944451835e-02 -1.8666151765563445e-02
    -3.1778206931862866e+02 -2.0394858198438875e+01
    1.1106040588316166e+03 -2.0998344911489014e-01
    -4.2921283956769515e-02 -1.9328603704976959e-02
    -3.1734759676208336e+02 -2.0834248878126257e+01
    1.1120165618153749e+03 -2.0943878036091487e-01
    -4.4366605555629449e-02 -1.7504771839958091e-02
    -3.1645970716341117e+02 -2.0441873197916340e+01
    1.1119233809081661e+03 -2.0739526111979600e-01
    -4.4143609538329846e-02 -1.5881230595042876e-02
    -3.1548557362969899e+02 -2.0184835122022452e+01
    1.1119534893327666e+03 -2.0857226277892005e-01
    -4.8862758285351533e-02 -1.5565404047714915e-02
    -3.1337956029231378e+02 -1.9476085018446085e+01
    1.1117929634917532e+03 -2.1227003253299709e-01
    -4.8153045674428352e-02 -1.5177854744295281e-02
    -3.1377612642160523e+02 -1.9741847654953784e+01
    1.1127216813227597e+03 -2.1160765042244728e-01
    -4.6559112558130111e-02 -1.5324093109746086e-02
    -3.1464526723451172e+02 -1.9864247111411320e+01
    1.1128051987284352e+03 -2.1048292817567105e-01
    -4.7278250680367874e-02 -1.4217013012702642e-02
    -3.1448580633561920e+02 -1.9683332997648069e+01
    1.1126769636568163e+03 -2.1337183402234450e-01
    -4.5123553123106834e-02 -1.4926230684466024e-02
    -3.1483386926718606e+02 -1.9946856307533441e+01
    1.1136856688399662e+03</data></extrinsic_parameters>
