<?xml version="1.0"?>
<opencv_storage>
<calibration_time>"Wed Mar 23 04:38:56 2022"</calibration_time>
<nr_of_frames>25</nr_of_frames>
<image_width>640</image_width>
<image_height>480</image_height>
<board_width>8</board_width>
<board_height>6</board_height>
<square_size>50.</square_size>
<fix_aspect_ratio>1.</fix_aspect_ratio>
<!-- flags: +fix_aspectRatio +fix_principal_point +zero_tangent_dist +fix_k4 +fix_k5 -->
<flags>6158</flags>
<fisheye_model>0</fisheye_model>
<camera_matrix type_id="opencv-matrix">
  <rows>3</rows>
  <cols>3</cols>
  <dt>d</dt>
  <data>
    3.7064464047754046e+02 0. 3.1950000000000000e+02 0.
    3.7064464047754046e+02 2.3950000000000000e+02 0. 0. 1.</data></camera_matrix>
<distortion_coefficients type_id="opencv-matrix">
  <rows>5</rows>
  <cols>1</cols>
  <dt>d</dt>
  <data>
    -3.8648064284443900e-01 1.1059525460619120e+00 0. 0.
    -2.6267402006989697e+00</data></distortion_coefficients>
<avg_reprojection_error>9.9915050960913021e-02</avg_reprojection_error>
<per_view_reprojection_errors type_id="opencv-matrix">
  <rows>25</rows>
  <cols>1</cols>
  <dt>f</dt>
  <data>
    9.95081589e-02 1.06054813e-01 1.00528002e-01 1.06129043e-01
    1.01603732e-01 9.26857442e-02 9.44455117e-02 9.76716727e-02
    1.00754865e-01 9.20965001e-02 1.05201669e-01 9.60167870e-02
    1.02427281e-01 9.49504748e-02 9.43583399e-02 1.01562358e-01
    1.11784078e-01 1.04474574e-01 9.85515565e-02 9.51872095e-02
    9.07969773e-02 1.04543172e-01 1.00096337e-01 1.05277680e-01
    9.78676528e-02</data></per_view_reprojection_errors>
<!-- a set of 6-tuples (rotation vector + translation vector) for each view -->
<extrinsic_parameters type_id="opencv-matrix">
  <rows>25</rows>
  <cols>6</cols>
  <dt>d</dt>
  <data>
    -5.7650153168693478e-02 6.2878476498317570e-02
    -2.1989374943530916e-02 1.1238447252881656e+02
    -4.0592104429542708e+01 1.2244765707060351e+03
    -5.4592350277281675e-02 6.2206407924281761e-02
    -1.8296460362691308e-02 1.1068805584513058e+02
    -4.2262471932422606e+01 1.2242458227414850e+03
    -5.9367894503156111e-02 6.1008669098096817e-02
    -1.8544554747055221e-02 1.0857921716973468e+02
    -4.1191656931226113e+01 1.2175243007829267e+03
    -6.1459123369815502e-02 5.7642544480914638e-02
    -1.6788031798555269e-02 1.0967437258174586e+02
    -3.9771233489022343e+01 1.2153198579293571e+03
    -6.4763489935857219e-02 5.6296602245377296e-02
    -1.5058626408193556e-02 1.1577530434271378e+02
    -4.1318824110689022e+01 1.2147365385800779e+03
    -6.7099772568464944e-02 5.5356748071554017e-02
    -2.0385188646915652e-02 1.1781066555374126e+02
    -4.2849469603188567e+01 1.2143024398452692e+03
    -5.6426956696433397e-02 6.2884677831077956e-02
    -1.4851407487730624e-02 1.1511841766973207e+02
    -4.3881715362671237e+01 1.2163816473884424e+03
    -6.5073549183644108e-02 6.1386600574440467e-02
    -1.8975194731869819e-02 1.1502704761918881e+02
    -4.3917551225786582e+01 1.2158920982446864e+03
    -6.5324806613858505e-02 5.7826699020359917e-02
    -1.7655547433880144e-02 1.1738235348015435e+02
    -4.3884454431387901e+01 1.2130778556920784e+03
    -6.2896955760156428e-02 6.4519328403945461e-02
    -1.9244363427468433e-02 1.1403499180120558e+02
    -4.6062534943719093e+01 1.2147086385113114e+03
    -6.3350905232056165e-02 6.6979970017673807e-02
    -1.8022888007368058e-02 1.1192735389129317e+02
    -4.8145414177779600e+01 1.2146970822386293e+03
    -6.8738061519418039e-02 6.5829103645623971e-02
    -2.3953966030834228e-02 1.1215386790020007e+02
    -4.9509333852690609e+01 1.2145765553877554e+03
    -6.9605705255830888e-02 6.3747320822574199e-02
    -2.4254205971047767e-02 1.1237767461199482e+02
    -5.0316266910011052e+01 1.2133099494803014e+03
    -6.8308061602534054e-02 6.6816382769474103e-02
    -2.4152944016735772e-02 1.1180390976684760e+02
    -5.0808435903404458e+01 1.2139582099321892e+03
    -6.8672098931608069e-02 6.7039150087019897e-02
    -2.3647434778882637e-02 1.1168059597827258e+02
    -5.2302810613888184e+01 1.2144950524145077e+03
    -6.8337573357054496e-02 6.6598132674620836e-02
    -2.6556057470932044e-02 1.1213286963153980e+02
    -5.3138185368087775e+01 1.2146708617067352e+03
    -7.1836411223403632e-02 6.7157845854276532e-02
    -2.5299376595519587e-02 1.1286195437461568e+02
    -5.3918813241931190e+01 1.2160225557485053e+03
    -6.7242403130118700e-02 6.5675832033711481e-02
    -2.3459682328909087e-02 1.1350732324045173e+02
    -5.3178246552533970e+01 1.2153794760891915e+03
    -6.6925986415064795e-02 6.8629019197704616e-02
    -2.0971206490185548e-02 1.1414300542171728e+02
    -5.3841712437258749e+01 1.2161265247151102e+03
    -6.6580388581283650e-02 6.5756590913932697e-02
    -2.2326295710270363e-02 1.1550655251952254e+02
    -5.1859937582087596e+01 1.2141788444876106e+03
    -6.8082735139951125e-02 6.5114100371427147e-02
    -2.0498861707043840e-02 1.1620099688963563e+02
    -5.2819523167049013e+01 1.2133518119296546e+03
    -6.5906807419097657e-02 6.3290111007943711e-02
    -1.8705009612684089e-02 1.1613866543163508e+02
    -5.2533376979532044e+01 1.2124167017292837e+03
    -6.3927172050405448e-02 6.4584005428928379e-02
    -1.7848964766643799e-02 1.1692897720480013e+02
    -5.2337584819023220e+01 1.2123029939238461e+03
    -6.5869474490787464e-02 6.4220678282488980e-02
    -1.7784999423346923e-02 1.1727002505466501e+02
    -5.2132005251061642e+01 1.2118032783023350e+03
    -6.5891523010616848e-02 6.2143344962698577e-02
    -1.6456854669532561e-02 1.1791907639879834e+02
    -5.2533706749435460e+01 1.2113333836998318e+03</data></extrinsic_parameters>
